TIMESTAMP|TEMPERATUR_C|LUFTFEUCHTE_PERCENT|DRUCK_HPA
2026-02-20T21:55:57|20.6|30.64|1007.77
2026-02-20T22:01:09|20.57|30.71|1007.85
2026-02-20T22:06:10|20.55|30.74|1007.82
2026-02-20T22:11:10|20.52|30.77|1007.72
2026-02-20T22:16:10|20.47|30.83|1007.62
2026-02-20T22:21:10|20.44|30.94|1007.69
2026-02-20T22:26:10|20.42|30.99|1007.66
2026-02-20T22:31:11|20.4|31.01|1007.55
2026-02-20T22:36:11|20.38|31.05|1007.55
2026-02-20T22:41:11|20.39|31.06|1007.45
2026-02-20T22:46:12|20.42|31.1|1007.23
2026-02-20T22:51:12|20.45|31.06|1007.1
2026-02-20T22:56:13|20.49|31.05|1006.95
2026-02-20T23:01:13|20.53|31.12|1006.86
2026-02-20T23:06:13|20.52|31.03|1006.76
2026-02-20T23:11:13|20.52|30.98|1006.76
2026-02-20T23:16:13|20.51|31.01|1006.67
2026-02-20T23:21:14|20.49|31.07|1006.69
2026-02-20T23:26:14|20.47|31.18|1006.52
2026-02-20T23:31:14|20.47|31.12|1006.49
2026-02-20T23:36:14|20.47|31.23|1006.48
2026-02-20T23:41:15|20.49|31.12|1006.41
2026-02-20T23:46:15|20.5|31.11|1006.3
2026-02-20T23:51:15|20.52|31.09|1006.25
2026-02-20T23:56:15|20.52|31.06|1006.2
2026-02-21T00:01:15|20.53|31.1|1006.24
2026-02-21T00:06:16|20.52|31.09|1006.15
2026-02-21T00:11:16|20.51|31.22|1006.13
2026-02-21T00:16:16|20.48|31.1|1006.21
2026-02-21T00:21:16|20.45|31.12|1006.05
2026-02-21T00:26:16|20.43|31.13|1006.07
2026-02-21T00:31:17|20.4|31.11|1006.05
2026-02-21T00:36:17|20.37|31.13|1005.87
2026-02-21T00:41:17|20.35|31.13|1005.89
2026-02-21T00:46:17|20.33|31.17|1005.88
2026-02-21T00:51:18|20.3|31.18|1005.87
2026-02-21T00:56:18|20.3|31.23|1005.89
2026-02-21T01:01:18|20.27|31.21|1005.76
2026-02-21T01:06:18|20.28|31.23|1005.78
2026-02-21T01:11:18|20.26|31.22|1005.61
2026-02-21T01:16:19|20.28|31.23|1005.67
2026-02-21T01:21:19|20.28|31.23|1005.54
2026-02-21T01:26:19|20.29|31.21|1005.44
2026-02-21T01:31:19|20.29|31.24|1005.41
2026-02-21T01:36:19|20.29|31.24|1005.26
2026-02-21T01:41:20|20.3|31.2|1005.25
2026-02-21T01:46:20|20.27|31.26|1005.25
2026-02-21T01:51:20|20.26|31.31|1005.26
2026-02-21T01:56:20|20.24|31.15|1005.2
2026-02-21T02:01:21|20.23|31.37|1005.19
2026-02-21T02:06:21|20.24|31.42|1005.41
2026-02-21T02:11:21|20.23|31.44|1005.5
2026-02-21T02:16:21|20.23|31.47|1005.55
2026-02-21T02:21:21|20.23|31.46|1005.46
2026-02-21T02:26:22|20.23|31.49|1005.4
2026-02-21T02:31:22|20.23|31.51|1005.37
2026-02-21T02:36:22|20.24|31.48|1005.17
2026-02-21T02:41:22|20.24|31.49|1005.1
2026-02-21T02:46:22|20.24|31.49|1004.96
2026-02-21T02:51:23|20.24|31.52|1005.01
2026-02-21T02:56:23|20.24|31.56|1004.93
2026-02-21T03:01:23|20.24|31.55|1004.91
2026-02-21T03:06:23|20.25|31.53|1004.87
2026-02-21T03:11:24|20.25|31.55|1004.69
2026-02-21T03:16:24|20.26|31.55|1004.59
2026-02-21T03:21:24|20.26|31.56|1004.51
2026-02-21T03:26:24|20.25|31.6|1004.39
2026-02-21T03:31:24|20.25|31.62|1004.39
2026-02-21T03:36:25|20.24|31.65|1004.37
2026-02-21T03:41:25|20.24|31.66|1004.43
2026-02-21T03:46:25|20.24|31.68|1004.43
2026-02-21T03:51:25|20.23|31.68|1004.38
2026-02-21T03:56:26|20.23|31.73|1004.3
2026-02-21T04:01:26|20.22|31.76|1004.26
2026-02-21T04:06:26|20.23|31.77|1004.4
2026-02-21T04:11:26|20.24|31.78|1004.32
2026-02-21T04:16:26|20.24|31.96|1004.37
2026-02-21T04:21:27|20.24|31.82|1004.29
2026-02-21T04:26:27|20.24|31.82|1004.27
2026-02-21T04:31:27|20.23|31.88|1004.3
2026-02-21T04:36:27|20.21|32.07|1004.37
2026-02-21T04:41:27|20.22|32.02|1004.23
2026-02-21T04:46:28|20.23|32.02|1004.22
2026-02-21T04:51:28|20.23|31.99|1004.24
2026-02-21T04:56:28|20.23|31.99|1004.11
2026-02-21T05:01:28|20.25|31.98|1004.09
2026-02-21T05:06:29|20.24|32.02|1004.13
2026-02-21T05:11:29|20.24|32.08|1004.18
2026-02-21T05:16:29|20.23|32.08|1004.17
2026-02-21T05:21:29|20.24|32.1|1004.31
2026-02-21T05:26:29|20.22|32.14|1004.28
2026-02-21T05:31:30|20.23|32.14|1004.4
2026-02-21T05:36:30|20.23|32.17|1004.52
2026-02-21T05:41:30|20.24|32.19|1004.56
2026-02-21T05:46:30|20.24|32.23|1004.56
2026-02-21T05:51:30|20.25|32.28|1004.57
2026-02-21T05:56:31|20.25|32.28|1004.69
2026-02-21T06:01:31|20.25|32.3|1004.74
2026-02-21T06:06:31|20.24|32.34|1004.83
2026-02-21T06:11:31|20.24|32.4|1004.83
2026-02-21T06:16:32|20.24|32.44|1004.79
2026-02-21T06:21:32|20.23|32.49|1004.91
2026-02-21T06:26:32|20.24|32.5|1004.83
2026-02-21T06:31:32|20.24|32.53|1004.88
2026-02-21T06:36:32|20.25|32.52|1004.89
2026-02-21T06:41:33|20.25|32.55|1004.98
2026-02-21T06:46:33|20.26|32.55|1005.02
2026-02-21T06:51:33|20.26|32.59|1004.96
2026-02-21T06:56:33|20.26|32.59|1005.05
2026-02-21T07:01:33|20.25|32.64|1005.03
2026-02-21T07:06:34|20.24|32.69|1005.18
2026-02-21T07:11:34|20.2|33.2|1005.16
2026-02-21T07:16:34|20.12|33.31|1005.23
2026-02-21T07:21:34|20.09|33.4|1005.34
2026-02-21T07:26:35|20.1|33.37|1005.25
2026-02-21T07:31:35|20.16|33.18|1005.34
2026-02-21T07:36:35|20.21|33.04|1005.42
2026-02-21T07:41:35|20.25|32.93|1005.44
2026-02-21T07:46:35|20.29|32.89|1005.53
2026-02-21T07:51:36|20.32|32.82|1005.65
2026-02-21T07:56:36|20.33|32.74|1005.73
2026-02-21T08:01:36|20.34|32.75|1005.74
2026-02-21T08:06:36|20.3|32.97|1005.86
2026-02-21T08:11:36|20.35|32.85|1005.95
2026-02-21T08:16:37|20.43|32.7|1006.02
2026-02-21T08:21:37|20.48|32.63|1006.0
2026-02-21T08:26:37|20.51|32.8|1006.05
2026-02-21T08:31:37|20.53|32.83|1006.16
2026-02-21T08:36:38|20.53|32.86|1006.19
2026-02-21T08:41:38|20.52|32.73|1006.33
2026-02-21T08:46:38|20.48|32.77|1006.35
2026-02-21T08:51:38|20.45|32.78|1006.33
2026-02-21T08:56:38|20.41|32.91|1006.42
2026-02-21T09:01:39|20.38|32.97|1006.55
2026-02-21T09:06:39|20.32|32.56|1006.46
2026-02-21T09:11:39|20.29|32.76|1006.55
2026-02-21T09:16:39|20.33|32.94|1006.56
2026-02-21T09:21:40|20.38|32.99|1006.66
2026-02-21T09:25:22|20.4|33.07|1006.72
2026-02-21T09:30:35|20.46|33.04|1006.71
2026-02-21T09:32:50|20.5|33.12|1006.78
2026-02-21T09:39:07|20.47|33.18|1006.79
2026-02-21T09:44:07|20.45|33.24|1006.8
2026-02-21T09:49:08|20.41|33.24|1006.84
2026-02-21T09:54:08|20.34|33.72|1006.82
2026-02-21T09:59:08|20.34|33.29|1006.86
2026-02-21T10:04:08|20.31|33.31|1006.74
2026-02-21T10:09:08|20.3|33.32|1006.77
2026-02-21T10:14:09|20.29|33.32|1006.86
2026-02-21T10:19:09|20.29|33.31|1007.02
2026-02-21T10:24:09|20.29|33.29|1007.03
2026-02-21T10:29:09|20.29|33.24|1006.79
2026-02-21T10:34:09|20.29|33.21|1006.87
2026-02-21T10:39:10|20.28|33.22|1007.01
2026-02-21T10:44:10|20.29|33.21|1007.14
2026-02-21T10:49:10|20.29|33.22|1007.13
2026-02-21T10:54:10|20.27|33.21|1007.04
2026-02-21T10:59:11|20.26|33.22|1007.09
2026-02-21T11:04:11|20.27|33.16|1007.13
2026-02-21T11:09:11|20.27|33.17|1007.13
2026-02-21T11:14:11|20.28|33.16|1007.14
2026-02-21T11:19:11|20.28|33.15|1007.28
2026-02-21T11:24:12|20.27|33.15|1007.26
2026-02-21T11:29:12|20.28|33.05|1007.33
2026-02-21T11:34:12|20.28|33.11|1007.22
2026-02-21T11:39:12|20.27|33.11|1007.31
2026-02-21T11:44:13|20.26|33.12|1007.3
2026-02-21T11:49:13|20.26|33.11|1007.44
2026-02-21T11:54:13|20.28|33.11|1007.54
2026-02-21T11:59:13|20.28|33.08|1007.51
2026-02-21T12:04:13|20.28|33.1|1007.49
2026-02-21T12:09:14|20.29|33.1|1007.59
2026-02-21T12:14:14|20.29|33.09|1007.54
2026-02-21T12:19:14|20.29|33.11|1007.56
2026-02-21T12:24:14|20.28|33.12|1007.59
2026-02-21T12:29:14|20.26|33.14|1007.65
2026-02-21T12:34:15|20.26|33.12|1007.62
2026-02-21T12:39:15|20.26|33.12|1007.68
2026-02-21T12:44:15|20.27|33.14|1007.68
2026-02-21T12:49:15|20.27|33.15|1007.63
2026-02-21T12:54:16|20.28|33.15|1007.68
2026-02-21T12:59:16|20.27|33.19|1007.59
2026-02-21T13:04:16|20.26|33.19|1007.6
2026-02-21T13:09:16|20.27|33.23|1007.56
2026-02-21T13:14:16|20.27|33.24|1007.63
2026-02-21T13:19:17|20.28|33.22|1007.68
2026-02-21T13:24:17|20.29|33.21|1007.73
2026-02-21T13:29:17|20.3|33.19|1007.74
2026-02-21T13:34:17|20.32|33.23|1007.64
2026-02-21T13:39:17|20.38|33.16|1007.63
2026-02-21T13:44:18|20.4|33.09|1007.47
2026-02-21T13:49:18|20.39|33.03|1007.48
2026-02-21T13:54:18|20.36|33.11|1007.49
2026-02-21T13:59:18|20.33|33.16|1007.47
2026-02-21T14:04:19|20.31|33.22|1007.54
2026-02-21T14:09:19|20.29|33.25|1007.42
2026-02-21T14:14:19|20.29|33.26|1007.42
2026-02-21T14:19:19|20.28|33.31|1007.49
2026-02-21T14:24:19|20.28|33.33|1007.38
2026-02-21T14:29:20|20.28|33.3|1007.38
2026-02-21T14:34:20|20.28|33.33|1007.42
2026-02-21T14:39:20|20.27|33.38|1007.45
2026-02-21T14:44:20|20.28|33.35|1007.49
2026-02-21T14:49:20|20.27|33.36|1007.39
2026-02-21T14:54:21|20.27|33.35|1007.43
2026-02-21T14:59:21|20.26|33.34|1007.41
2026-02-21T15:04:21|20.26|33.39|1007.35
2026-02-21T15:09:21|20.27|33.38|1007.51
2026-02-21T15:14:22|20.27|33.38|1007.5
2026-02-21T15:19:22|20.28|33.4|1007.63
2026-02-21T15:24:22|20.28|33.39|1007.71
2026-02-21T15:29:22|20.28|33.4|1007.66
2026-02-21T15:34:22|20.28|33.44|1007.7
2026-02-21T15:39:23|20.26|33.44|1007.7
2026-02-21T15:44:23|20.26|33.48|1007.75
2026-02-21T15:49:23|20.26|33.52|1007.72
2026-02-21T15:54:23|20.26|33.57|1007.69
2026-02-21T15:59:24|20.26|33.59|1007.57
2026-02-21T16:04:24|20.26|33.51|1007.54
2026-02-21T16:09:24|20.28|33.54|1007.47
2026-02-21T16:14:24|20.27|33.53|1007.43
2026-02-21T16:19:24|20.27|33.6|1007.39
2026-02-21T16:24:25|20.26|33.61|1007.49
2026-02-21T16:29:25|20.27|33.66|1007.47
2026-02-21T16:34:25|20.25|33.63|1007.45
2026-02-21T16:39:25|20.26|33.63|1007.48
2026-02-21T16:44:25|20.25|33.65|1007.47
2026-02-21T16:49:26|20.26|33.67|1007.43
2026-02-21T16:54:26|20.27|33.64|1007.45
2026-02-21T16:59:26|20.26|33.66|1007.48
2026-02-21T17:04:26|20.27|33.66|1007.39
2026-02-21T17:09:27|20.26|33.72|1007.48
2026-02-21T17:14:27|20.26|33.73|1007.52
2026-02-21T17:19:27|20.25|33.72|1007.52
2026-02-21T17:24:27|20.24|33.72|1007.48
2026-02-21T17:29:27|20.25|33.73|1007.49
2026-02-21T17:34:28|20.25|33.72|1007.57
2026-02-21T17:39:28|20.26|33.71|1007.67
2026-02-21T17:44:28|20.26|33.68|1007.67
2026-02-21T17:49:28|20.27|33.71|1007.79
2026-02-21T17:54:28|20.25|33.73|1007.74
2026-02-21T17:59:29|20.26|33.74|1007.88
2026-02-21T18:04:29|20.26|33.75|1007.89
2026-02-21T18:09:29|20.25|33.82|1007.89
2026-02-21T18:14:29|20.24|33.8|1007.96
2026-02-21T18:19:30|20.24|33.76|1007.96
2026-02-21T18:24:30|20.25|33.79|1008.03
2026-02-21T18:29:30|20.25|33.77|1008.11
2026-02-21T18:34:30|20.25|33.8|1008.03
2026-02-21T18:39:30|20.25|33.78|1008.06
2026-02-21T18:44:31|20.25|33.78|1008.11
2026-02-21T18:49:31|20.26|33.82|1008.18
2026-02-21T18:54:31|20.28|33.69|1008.24
2026-02-21T18:59:31|20.28|33.68|1008.33
2026-02-21T19:04:31|20.28|33.69|1008.19
2026-02-21T19:09:32|20.29|33.7|1008.28
2026-02-21T19:14:32|20.28|33.68|1008.41
2026-02-21T19:19:32|20.29|33.68|1008.39
2026-02-21T19:24:32|20.3|33.68|1008.41
2026-02-21T19:29:33|20.31|33.7|1008.5
2026-02-21T19:34:33|20.31|33.68|1008.53
2026-02-21T19:39:33|20.31|33.76|1008.56
2026-02-21T19:44:33|20.3|33.78|1008.62
2026-02-21T19:49:33|20.29|33.78|1008.64
